v2.0 raw
1 10 2 33 11 66 8 9
0 13 34 31 12 31 2 0
31 65 65 0 21 23 65 21
23 21 6 21 42 1 0 2
1 65 3 32 13 0 21 41
0 23 0 2 1 31 8 0
21 3 31 0 1 13 10 11
52 13 0 46 6 31 84 6
1 63 65 1 31 53 18 4
6 3 1 3 1 65 98 4
6 51 32 0 46 0 0 33
23 21 45 22 0 6 64 64
22 0 3 22 23 3 8 76
0 64 23 20 3 29 96 45
32 3 13 3 32 0 23 5
46 54 22 52 10 1 30 71
0 0 9 42 9 0 0 6
43 56 32 21 22 1 0 84
23 63 45 44 32 46 0 57
1 62 12 39 25 60 9 1
0 84 4 43 49 0 60 45
4 44 0 2 13 30 1 0
0 34 84 0 4 46 0 0
0 61 40 0 0 5 0 0
4 87 44 84 98 0 0 0
64 66 46 0 0 8 0 79
45 35 41 0 8 2 49 49
5 44 3 4 6 0 65 64
46 44 6 44 0 84 44 16
0 94 64 0 87 0 8 4
46 46 97 89 74 0 78 65
46 0 65 4 0 99 89 98
